8.750248732617798453e+01 2.039662354734861793e+01 5.900000000000000000e+01 2.882971785387795535e+04
8.804030749107408838e+01 2.180403329310346905e+01 6.000000000000000000e+01 7.313988460883799708e+05
8.867944609788492016e+01 2.319095043874412099e+01 6.100000000000000000e+01 7.777519845064972760e+05
8.898118581932955351e+01 2.361301650347006387e+01 6.200000000000000000e+01 6.552809477248206967e+05
8.951927567881570269e+01 2.528714275730796501e+01 6.300000000000000000e+01 4.185438181274104863e+05
8.998988427941669954e+01 2.703926398240039575e+01 6.400000000000000000e+01 4.578541842700768029e+05
9.027404304299281534e+01 2.830653026837727992e+01 6.500000000000000000e+01 6.443397670493676560e+05
9.099971902408320545e+01 2.974806179026229813e+01 6.600000000000000000e+01 9.198111763394812588e+05
9.107160897912554276e+01 3.017707719315507831e+01 6.700000000000000000e+01 3.822625634906490450e+05
9.219218663317677454e+01 3.183747989585933169e+01 6.800000000000000000e+01 3.014266870494051254e+05
9.240184405438422743e+01 3.401057216353294876e+01 6.900000000000000000e+01 4.931779350315539632e+05
9.299977522081199766e+01 3.541479361268088866e+01 7.000000000000000000e+01 2.884528741510616965e+05
9.387036172057919714e+01 3.700569194218893188e+01 7.100000000000000000e+01 5.167492431668376084e+05
9.422514200007934448e+01 3.871437797096552913e+01 7.200000000000000000e+01 3.499323861449650140e+05
9.501291781770754596e+01 4.017273083334555395e+01 7.400000000000000000e+01 4.130498127685290528e+05
9.566403241089365395e+01 4.194500407581712409e+01 7.500000000000000000e+01 3.093175885147421504e+05
9.632191517621016885e+01 4.346302807887273190e+01 7.600000000000000000e+01 3.125969767481626477e+05
9.700169434085606213e+01 4.528300966206414557e+01 7.700000000000000000e+01 7.284443310822661733e+05
9.787516387938146067e+01 4.674006862822561459e+01 7.800000000000000000e+01 7.238606455683670938e+05
9.878554236074731421e+01 4.935811085662067654e+01 8.100000000000000000e+01 4.897446974105438567e+05
9.992808683164003014e+01 5.190847192908690744e+01 8.300000000000000000e+01 5.533286688952491386e+05
1.009867364811543808e+02 5.398867680518281276e+01 8.400000000000000000e+01 5.870871975570470095e+05
1.019494979836726287e+02 5.702874880635381061e+01 8.700000000000000000e+01 5.389030654540206306e+05
1.030019978624607688e+02 5.902323545310873243e+01 8.800000000000000000e+01 6.939629270509585040e+05
1.040246016636038462e+02 6.176881339394778081e+01 9.000000000000000000e+01 5.652996595835775370e+05
1.050027004582581469e+02 6.398904260015490308e+01 9.200000000000000000e+01 5.849715344280130230e+05
1.059044398640084523e+02 6.600309103967855151e+01 9.400000000000000000e+01 5.148154704143527197e+05
1.069846729879165537e+02 6.920965577784345157e+01 9.600000000000000000e+01 6.842515412564744474e+05
1.080874611638816702e+02 7.106383434515301190e+01 9.700000000000000000e+01 2.704095209262988064e+05
1.089941605425991327e+02 7.249861828272996433e+01 9.800000000000000000e+01 4.685578707452611416e+05
1.097645293426758286e+02 7.401235995510062082e+01 9.900000000000000000e+01 2.618935960933158058e+05
1.102639998278529703e+02 7.542043319522014144e+01 1.000000000000000000e+02 5.045765427683134913e+05
1.107927696980940482e+02 7.683942633448512538e+01 1.010000000000000000e+02 2.119088074307234492e+05
1.119691869965919011e+02 7.912587350263081021e+01 1.020000000000000000e+02 9.189034304929466452e+04
1.118271668934477958e+02 7.877768504542954986e+01 1.030000000000000000e+02 7.912653406607655343e+05
1.131371977861310540e+02 8.048488427762912067e+01 1.040000000000000000e+02 1.858890167890138691e+05
1.136038515632601644e+02 8.216284263858069892e+01 1.050000000000000000e+02 5.311830563810226740e+05
1.140941115504314638e+02 8.321872076922041117e+01 1.060000000000000000e+02 6.562353482480084058e+05
1.144068240116444883e+02 8.379387161562287645e+01 1.070000000000000000e+02 5.405828171919960296e+05
1.159492510768509845e+02 8.697565268167353736e+01 1.090000000000000000e+02 4.792829884213298792e+05
1.171010028754960928e+02 8.897518970041510045e+01 1.100000000000000000e+02 4.619758909294601763e+05
1.182479193635701478e+02 9.117475924876866600e+01 1.130000000000000000e+02 3.847510626254605595e+05
1.202827125720255879e+02 9.349117585502989414e+01 1.140000000000000000e+02 4.170351893288427964e+05
2.323911484345033784e+02 3.140479353499516151e+02 1.160000000000000000e+02 2.919383738400894217e+05
1.210433342537944128e+02 9.594669780182883301e+01 1.160000000000000000e+02 5.004315193852658849e+05
1.221043610872415854e+02 9.827786859381672002e+01 1.180000000000000000e+02 4.817626229499222827e+05
2.249723509703520108e+02 3.080025852477463673e+02 1.180000000000000000e+02 4.499460975715108216e+05
2.287146630473297080e+02 3.108434335562072306e+02 1.190000000000000000e+02 3.939715059273174847e+05
1.230049228189463264e+02 1.004086395893330348e+02 1.200000000000000000e+02 5.028816030264003202e+05
2.211115565283644173e+02 3.059781790056023283e+02 1.200000000000000000e+02 4.093908674474931322e+05
2.171858572039402588e+02 3.029066934403384153e+02 1.200000000000000000e+02 3.378207069608439924e+05
2.058324765080589600e+02 2.950015212244259715e+02 1.210000000000000000e+02 2.384538768545444182e+05
2.134078846121390143e+02 3.009024178755171306e+02 1.210000000000000000e+02 2.800048889055748004e+05
2.090765665384217584e+02 2.970441116301079205e+02 1.210000000000000000e+02 4.162844691329637426e+05
1.977681584558749250e+02 2.898752189882720245e+02 1.220000000000000000e+02 3.191917883872148232e+05
1.246781847751555006e+02 1.029138480869634407e+02 1.220000000000000000e+02 4.954353903783645947e+05
2.017960117872484318e+02 2.919742271119324073e+02 1.220000000000000000e+02 2.362159077726617688e+05
1.261089794727199376e+02 1.054544197638377483e+02 1.230000000000000000e+02 6.066138036346785957e+05
1.959226095410005541e+02 2.878009362457602265e+02 1.230000000000000000e+02 8.059412117908672662e+05
1.261097988304422159e+02 1.064032446970434904e+02 1.240000000000000000e+02 1.902219583176015294e+05
1.907198837660261290e+02 2.825272348196303938e+02 1.240000000000000000e+02 9.572500256471425528e+05
1.959763816180129368e+02 2.879951213591670580e+02 1.240000000000000000e+02 1.127661371650884685e+05
1.265361171639191014e+02 1.063496258750773649e+02 1.250000000000000000e+02 3.646443544513829984e+05
1.272206132779357972e+02 1.078844662723688970e+02 1.260000000000000000e+02 4.984556900433516712e+05
1.799699376455586446e+02 2.710008231053002419e+02 1.260000000000000000e+02 1.238475087256989209e+06
1.286902257407316483e+02 1.101983496224113708e+02 1.270000000000000000e+02 4.339134715750512551e+05
1.288584103956540901e+02 1.115014257569371097e+02 1.280000000000000000e+02 4.297247898557754816e+05
1.698229419763311512e+02 2.602229056929118087e+02 1.280000000000000000e+02 9.437299926194662694e+05
1.262587918127025119e+02 1.119724642391962135e+02 1.290000000000000000e+02 4.824614274814459495e+06
1.589439553169957833e+02 2.490017216502740780e+02 1.290000000000000000e+02 1.207634648766700178e+06
1.254819769557557407e+02 1.120079401244018555e+02 1.300000000000000000e+02 6.151884935944950208e+06
1.309701862354792752e+02 1.156215152883981716e+02 1.300000000000000000e+02 2.042477943247471121e+05
1.251268159350320701e+02 1.122301915504258858e+02 1.310000000000000000e+02 3.982014812265764922e+06
1.488275568308462482e+02 2.384322729872502009e+02 1.310000000000000000e+02 1.230046313268986763e+06
1.309403132277692237e+02 1.139981264785595840e+02 1.310000000000000000e+02 2.221561931944915559e+05
1.319992660035705114e+02 1.157561144368258681e+02 1.320000000000000000e+02 2.146570413630632393e+05
1.257710803781591835e+02 1.120949037905506742e+02 1.320000000000000000e+02 3.971976498581820051e+05
1.327810129684361584e+02 1.172811364423867673e+02 1.330000000000000000e+02 4.174897433910242398e+05
1.385386175049818860e+02 2.272426595048156059e+02 1.340000000000000000e+02 1.095546023299061693e+06
1.339607961861298975e+02 1.190088360515278509e+02 1.340000000000000000e+02 1.939459769243072660e+05
1.340987913664862674e+02 1.203657986357753202e+02 1.350000000000000000e+02 2.073793343269485922e+05
1.270626563337451955e+02 2.162653495894974185e+02 1.350000000000000000e+02 1.012900967908228282e+06
1.356787288339191377e+02 1.214904047912641545e+02 1.360000000000000000e+02 3.036327297990336083e+05
1.176991738303292152e+02 2.051547702697133104e+02 1.370000000000000000e+02 1.305235373921049526e+06
1.371102551429348466e+02 1.242062665773409407e+02 1.390000000000000000e+02 5.881280750238705659e+05
1.071402365862648338e+02 1.942734607942879848e+02 1.390000000000000000e+02 5.630500718676784309e+05
9.137805093639035192e+01 1.777354420226224931e+02 1.410000000000000000e+02 1.923131856908754344e+04
1.384097783782371778e+02 1.269072041765341083e+02 1.410000000000000000e+02 1.849861432881859364e+05
9.669681284048617442e+01 1.830438308845471056e+02 1.410000000000000000e+02 1.066090571226653876e+06
9.059670654155223701e+01 1.765824921987744176e+02 1.420000000000000000e+02 5.982368738801799482e+05
8.604537862221229716e+01 1.688354146107395763e+02 1.430000000000000000e+02 3.304681496645257575e+05
8.779683865644344110e+01 1.719358990878379245e+02 1.430000000000000000e+02 2.747800474814653862e+05
1.404580719159121998e+02 1.292872875289451429e+02 1.430000000000000000e+02 7.861528034241835121e+05
8.008463186228837571e+01 1.600230803523487566e+02 1.450000000000000000e+02 4.139965228454312310e+05
1.420483949994080319e+02 1.320499658871109148e+02 1.450000000000000000e+02 3.362607425275910064e+05
8.297215905385209567e+01 1.630822973316560933e+02 1.450000000000000000e+02 2.712041440384384478e+05
7.199084969627605801e+01 1.479939662444935493e+02 1.460000000000000000e+02 3.364989905098227900e+05
7.512172679976069389e+01 1.521466545779678654e+02 1.460000000000000000e+02 4.365071187432067236e+05
7.702180568120263615e+01 1.564861745143115286e+02 1.460000000000000000e+02 3.535844178077287506e+05
1.429893122261893268e+02 1.337046395755962749e+02 1.460000000000000000e+02 1.945359774833869305e+05
1.442168553400668998e+02 1.353665076949298509e+02 1.470000000000000000e+02 5.517279056324553676e+05
6.686984244893282892e+01 1.399158565017085323e+02 1.470000000000000000e+02 5.532354941364530241e+05
6.999367352247861618e+01 1.444410992543528494e+02 1.470000000000000000e+02 3.586228853699955507e+05
1.445397356261840400e+02 1.358693872689705131e+02 1.480000000000000000e+02 5.130932637613624684e+05
6.301392920497501393e+01 1.320469934252440396e+02 1.480000000000000000e+02 1.572639601733354211e+05
6.651988022138486656e+01 1.376911462477043244e+02 1.480000000000000000e+02 2.974368244674273883e+05
6.111850072365076159e+01 1.284070305289944258e+02 1.490000000000000000e+02 3.844732048636795953e+05
1.449944407825766461e+02 1.363976756495843574e+02 1.490000000000000000e+02 3.477808158602073090e+05
5.239706641111925478e+01 1.135445556442875130e+02 1.500000000000000000e+02 3.533630781672388548e+04
5.579731240953287141e+01 1.195335723529379948e+02 1.500000000000000000e+02 1.676879759049325367e+05
1.453214819996260871e+02 1.373464898207553517e+02 1.500000000000000000e+02 2.452317542243670614e+05
6.479820839191998516e+01 1.347203969800290224e+02 1.500000000000000000e+02 2.408036916522081883e+05
5.704930649680411392e+01 1.217670963039452658e+02 1.510000000000000000e+02 2.287289555013916106e+05
5.892245774482598364e+01 1.247355331675265973e+02 1.510000000000000000e+02 1.450359848870526766e+05
4.855182020611543692e+01 1.042695002770385031e+02 1.510000000000000000e+02 4.295363001322765194e+04
5.031986114052405412e+01 1.086288745024220788e+02 1.510000000000000000e+02 3.526115818495699787e+05
5.257478511077141548e+01 1.130344065728025953e+02 1.510000000000000000e+02 7.598498385391859338e+05
5.203334197299871988e+01 1.110250037726562908e+02 1.520000000000000000e+02 6.237517712624021806e+05
5.498247147961946268e+01 1.168884418869277795e+02 1.520000000000000000e+02 1.741572859266640444e+05
4.792389238814128305e+01 1.027377818443669923e+02 1.520000000000000000e+02 5.466377516280526761e+05
4.995592174918100881e+01 1.077663608055190139e+02 1.520000000000000000e+02 1.845089327413041610e+05
4.885196488473669518e+01 1.056539383046404197e+02 1.530000000000000000e+02 4.768988350316039287e+05
4.425668331644401121e+01 9.603531217780368934e+01 1.540000000000000000e+02 4.174939605465349159e+05
4.185963162825702000e+01 8.804439755013677882e+01 1.540000000000000000e+02 3.124669168629579362e+05
4.289590799654273923e+01 9.240356507583288703e+01 1.540000000000000000e+02 3.770108869264695677e+05
4.541948963146312934e+01 9.929686231608079083e+01 1.540000000000000000e+02 3.192537615187681513e+05
4.919631035754711945e+01 1.059857148400734985e+02 1.540000000000000000e+02 1.771724450663329044e+05
3.689575326966027546e+01 7.712847089284890956e+01 1.560000000000000000e+02 3.347635074641602114e+05
3.975436290524717009e+01 8.453046343442926513e+01 1.560000000000000000e+02 4.174844727983735502e+05
3.430681778620878219e+01 7.390892496040579829e+01 1.560000000000000000e+02 3.711541974033782026e+05
3.799498098850045125e+01 8.096188244951183322e+01 1.560000000000000000e+02 2.895339654278320377e+05
3.314436942948149323e+01 6.977289164369678076e+01 1.580000000000000000e+02 3.721820231554109487e+05
